Historical Financial Statement - BHARTI AIRTEL LTD
Years | 2015-03-31 00:00:00 | 2016-03-31 00:00:00 | 2017-03-31 00:00:00 | 2018-03-31 00:00:00 | 2019-03-31 00:00:00 | 2020-03-31 00:00:00 | 2021-03-31 00:00:00 | 2022-03-31 00:00:00 | 2023-03-31 00:00:00 | 2024-03-31 00:00:00
# | Income Statement
Sales | 96100.7 | 96532.1 | 95468.3 | 82638.8 | 80780.2 | 87539 | 100615.8 | 116546.9 | 139144.8 | 149982.4
Sales Growth | - | 0.004489041182842657 | -0.011020168420660115 | -0.13438492148702763 | -0.022490646040358886 | 0.08366901790290204 | 0.14938256091570623 | 0.1583359671145088 | 0.19389533312340346 | 0.07788720814575889
COGS | 44511.99999999999 | 46107.9 | 45680.49999999999 | 41328.899999999994 | 43690.9 | 42867.2 | 48284.1 | 50562.90000000001 | 52746.5 | 54896.2
COGS % Sales | 0.4631808092969145 | 0.47764318812084267 | 0.4784886711086297 | 0.5001149581068456 | 0.5408614982384298 | 0.4896925941580324 | 0.47988586285652945 | 0.43384165516199924 | 0.3790763291190185 | 0.36601761273322736
Gross Profit | 51588.700000000004 | 50424.200000000004 | 49787.80000000001 | 41309.90000000001 | 37089.299999999996 | 44671.8 | 52331.700000000004 | 65983.99999999999 | 86398.29999999999 | 95086.2
Gross Margins | 0.5368191907030855 | 0.5223568118791573 | 0.5215113288913703 | 0.4998850418931544 | 0.45913850176157023 | 0.5103074058419677 | 0.5201141371434705 | 0.5661583448380008 | 0.6209236708809815 | 0.6339823872667726
Selling & General Expenses | 17986.699999999997 | 16440 | 14458 | 11230.8 | 11325.5 | 8062.299999999999 | 7052.8 | 8450.1 | 15124.800000000001 | 16794.4
S&G Exp % Sales | 0.18716512991060416 | 0.17030604327472415 | 0.15144293969830824 | 0.13590226382764511 | 0.1402014355002835 | 0.09209952135619552 | 0.07009634669703962 | 0.07250385896149962 | 0.10869827690290979 | 0.11197580516113892
EBITDA | 33602.00000000001 | 33984.200000000004 | 35329.80000000001 | 30079.10000000001 | 25763.799999999996 | 36609.5 | 45278.9 | 57533.89999999999 | 71273.49999999999 | 78291.79999999999
EBITDA Margins | 0.3496540607924813 | 0.3520507686044332 | 0.37006838919306206 | 0.36398277806550927 | 0.31893706626128676 | 0.41820788448577206 | 0.45001779044643087 | 0.4936544858765011 | 0.5122253939780717 | 0.5220065821056337
Interest | 4446.5 | 8546.1 | 9546.6 | 9325.5 | 10622.2 | 13991.8 | 15091 | 16616.2 | 19299.9 | 22647.7
Interest % Sales | 0.04626917389779679 | 0.08853117253224575 | 0.09999759082334136 | 0.11284650793573962 | 0.1314950940948401 | 0.15983504495139308 | 0.1499863838482624 | 0.14257093067254473 | 0.13870371009193302 | 0.1510023842797555
Depreciation | 19858.3 | 17449.8 | 19773 | 19243.1 | 21347.5 | 27689.6 | 29404.4 | 33090.7 | 36431.8 | 39537.6
Depreciation%Sales | 0.20664053435614932 | 0.18076681228316796 | 0.2071158698751313 | 0.23285793114130407 | 0.2642664910460732 | 0.31631158683558186 | 0.2922443592358258 | 0.2839260417909013 | 0.26182652891089 | 0.26361493081854936
Earnings Before Tax | 9297.200000000008 | 7988.300000000003 | 6010.200000000012 | 1510.500000000011 | -6205.900000000005 | -5071.899999999994 | 783.5 | 7826.999999999993 | 15541.799999999981 | 16106.499999999985
EBT % Sales | 0.09674435253853518 | 0.08275278378901943 | 0.06295492849458942 | 0.0182783389884656 | -0.0768245188796265 | -0.057938747301202825 | 0.007787047362342693 | 0.06715751341305512 | 0.11169515497524868 | 0.10738926700732877
Tax | 5486.7 | 5953.3 | 3481.9 | 1083.5 | -3419.3 | -12182.3 | 8932.5 | 4177.9 | 4273.3 | 4121
Effective Tax Rate | 0.5901454201264892 | 0.7452524316813337 | 0.5793318026022417 | 0.7173121482952612 | 0.550975684429333 | 2.401920384865635 | 11.400765794511805 | 0.5337805033857166 | 0.2749552818849815 | 0.25585943563157754
Net Profit | 3810.500000000008 | 2035.0000000000027 | 2528.3000000000116 | 427.0000000000109 | -2786.600000000005 | 7110.400000000005 | -8149 | 3649.099999999993 | 11268.499999999982 | 11985.499999999985
Net Margins | 0.03965111596481616 | 0.021081070441853048 | 0.0264831362871237 | 0.0051670643813803065 | -0.03449607700897008 | 0.08122551091513502 | -0.08099125584649727 | 0.03131014209730154 | 0.08098398215384249 | 0.07991270975794484
No of Equity Shares | 549.75 | 549.75 | 549.75 | 549.75 | 549.75 | 584.52 | 588.43 | 588.43 | 557.51 | 565.51
Earnings per Share | 6.931332423829028 | 3.7016825829922744 | 4.598999545247861 | 0.7767166894042945 | -5.068849477035025 | 12.164511051803197 | -13.848716074979183 | 6.201417330863473 | 20.212193503255516 | 21.1941433396403
EPS Growth % | -0.46594935047894015 | 0.2424078624078665 | -0.8311118142625444 | -7.525995316159095 | -3.399856438214597 | -2.138452340254673 | -1.4477972757393536 | 2.259286131681967 | 0.048582052028475875
Dividend per Share | 2.799454297407913 | 0.9889040472942247 | 0.7271305138699409 | 3.8828740336516603 | 1.8178262846748523 | 1.8666940395538218 | 0 | 2.8499566643441026 | 4.070384387723988 | 8.138777386783612
Dividend payout ratio | 0.40388400472378866 | 0.26714987714987676 | 0.15810623739271373 | 4.999086651053737 | -0.3586270006459478 | 0.15345409540954083 | 0 | 0.4595653722835777 | 0.2013826152549145 | 0.384010679571149
Retained Earnings | 0.5961159952762114 | 0.7328501228501232 | 0.8418937626072862 | 0 | 0 | 0.8465459045904592 | 0 | 0.5404346277164223 | 0.7986173847450855 | 0.615989320428851
# | Balance Sheet
Equity Share Capital | 1998.7 | 1998.7 | 1998.7 | 1998.7 | 1998.7 | 2727.8 | 2746 | 2795 | 2836.6 | 2876.6
Reserves | 37778.3 | 64770.6 | 65457.6 | 67535.7 | 69423.5 | 74417 | 56206.7 | 63759.3 | 74726.3 | 79142.2
Borrowings | 83415.1 | 100646.5 | 107287.6 | 111333.5 | 125428.3 | 148228.1 | 162785.2 | 169677.9 | 226020.3 | 215592.3
Other Liabilities | 58746.9 | 57056.2 | 57578.4 | 68653.1 | 77175.8 | 133718.4 | 122679.2 | 124975 | 140973.8 | 144408.1
Total Liabilities | 181939 | 224472 | 232322.3 | 249521 | 274026.3 | 359091.3 | 344417.1 | 361207.2 | 444557 | 442019.2
Fixed Assets Net Block | 124278.6 | 172292.8 | 178235.1 | 187200.4 | 200831.5 | 229255.5 | 223479.6 | 244083.3 | 277393.8 | 303303.1
Capital Work in Progress | 17414.8 | 5702 | 10838.5 | 9751.2 | 9634.2 | 4282.3 | 5726.5 | 5954.7 | 49425.4 | 16904.1
Investments | 10752 | 11977 | 14338.7 | 16158.6 | 15711 | 25476.5 | 27550.4 | 29349.1 | 32953.9 | 31602.3
Other Assets | 22069.4 | 23728.399999999998 | 19022.7 | 23787.9 | 35396.6 | 79421.6 | 70290.8 | 63894.600000000006 | 67126.2 | 68778.2
Total Non Current Assets | 174514.8 | 213700.19999999998 | 222435.00000000003 | 236898.1 | 261573.30000000002 | 338435.9 | 327047.3 | 343281.69999999995 | 426899.30000000005 | 420587.69999999995
Receivables | 5207.2 | 5503.9 | 4740.2 | 5883 | 4300.6 | 4605.8 | 3637.7 | 4056.2 | 3981.5 | 4727.7
Inventory | 133.9 | 169.2 | 48.8 | 69.3 | 88.4 | 156.9 | 266 | 375 | 257.6 | 363.9
Cash & Bank | 2083.1 | 5098.7 | 5098.3 | 6670.6 | 8064 | 15892.7 | 13466.1 | 13494.3 | 13418.6 | 16339.9
Total Current Assets | 7424.199999999999 | 10771.8 | 9887.3 | 12622.900000000001 | 12453 | 20655.4 | 17369.8 | 17925.5 | 17657.7 | 21431.5
Total Assets | 181939 | 224471.99999999997 | 232322.30000000002 | 249521 | 274026.30000000005 | 359091.30000000005 | 344417.1 | 361207.19999999995 | 444557.00000000006 | 442019.19999999995
Check | True | True | True | True | True | True | True | True | True | True