2017-03-31 00:00:00 | 2018-03-31 00:00:00 | 2019-03-31 00:00:00 | 2020-03-31 00:00:00 | 2021-03-31 00:00:00 | 2022-03-31 00:00:00 | 2023-03-31 00:00:00 | 2024-03-31 00:00:00 | 2025-03-31 00:00:00 | 2026-03-31 00:00:00 | 2027-03-31 00:00:00 | 2028-03-30 00:00:00 | 2029-03-30 00:00:00
Revenue | 95468.3 | 82638.8 | 80780.2 | 87539 | 100615.8 | 116546.9 | 139144.8 | 149982.4 | 148618.88454644324 | 157951.63967006432 | 167284.39479368518 | 176617.14991730603 | 185949.90504092688
Revenue Growth | - | -0.13438492148702763 | -0.022490646040358886 | 0.08366901790290204 | 0.14938256091570623 | 0.1583359671145088 | 0.19389533312340346 | 0.07788720814575889 | -0.009091169720958914 | 0.06279656284665913 | 0.0590861553771489 | 0.055789753342689874 | 0.05284172645742813
EBIT | 15556.800000000012 | 10836.000000000011 | 4416.299999999996 | 8919.900000000005 | 15874.5 | 24443.199999999993 | 34841.69999999998 | 38754.19999999998 | 37926.610995856405 | 42083.73305729375 | 46240.85511873098 | 50397.977180168324 | 54555.09924160567
EBIT Growth | -0.3034557235421165 | -0.5924418604651172 | 1.0197676788261698 | 0.779672417852217 | 0.5397776307915205 | 0.4254148393009096 | 0.11229360220655149 | -0.0213548210037513 | 0.10960963693517267 | 0.09878216021800235 | 0.08990149621505172 | 0.0824858911812274
Taxes | 3481.9 | 1083.5 | -3419.3 | -12182.3 | 8932.5 | 4177.9 | 4273.3 | 4121 | 4754.0829068872845 | 5519.171848948958 | 6284.260791010616 | 7049.349733072289 | 7814.438675133948
% of Revenue | 0.03647179220746572 | 0.013111274607085291 | 0.04232844187065643 | 0.13916425821633785 | 0.08877830320883996 | 0.03584737131575357 | 0.030711172821406195 | 0.02747655724938393 | 0.031988417362947164 | 0.03494216242691512 | 0.037566330073771116 | 0.039913166622680005 | 0.04202442950112838
D&A | 19773 | 19243.1 | 21347.5 | 27689.6 | 29404.4 | 33090.7 | 36431.8 | 39537.6 | 42310.79190369265 | 45418.66656975972 | 48526.54123582685 | 51634.415901893924 | 54742.290567961
% of Revenue | 0.2071158698751313 | 0.23285793114130407 | 0.2642664910460732 | 0.31631158683558186 | 0.2922443592358258 | 0.2839260417909013 | 0.26182652891089 | 0.26361493081854936 | 0.28469324092168496 | 0.2875479271037138 | 0.29008408880981096 | 0.29235222018965706 | 0.2943926782641401
Change in WC | -26892 | -30100 | -23864 | -24550 | -26210 | -31269 | -40727 | -46992 | -42989.122621981485 | -45579.067721311236 | -48169.012820640986 | -50758.95791997068 | -53348.90301930043
% of Revenue | 0.28168512480058827 | 0.3642356859005697 | 0.29541892691525895 | 0.2804464295913821 | 0.26049586645437395 | 0.26829542441712306 | 0.2926950917317787 | 0.31331676250013335 | 0.2892574705642299 | 0.28856343509012383 | 0.2879468397518411 | 0.28739540833795896 | 0.2868993291906147
CapEx | -36712 | -25249 | -29050 | -20585 | -27114 | -26021 | -26450 | -39929 | -30280.812635568574 | -30589.92464285832 | -30899.036650148075 | -31208.14865743783 | -31517.260664727575
% of Revenue | 0.3845464934433733 | 0.3055344462891523 | 0.35961782714080925 | 0.23515233210340533 | 0.2694805388418121 | 0.22326634170449838 | 0.19008974823349492 | 0.2662245703495877 | 0.20374808173254627 | 0.19366639502290559 | 0.18470961794288349 | 0.17669942399166674 | 0.16949328722588347
Free Cash Flow | 67107.79999999999 | 62775.01000624886 | 66994.0846996516 | 71213.1593930543 | 75432.23408645712 | 79651.30877985986
Discounting Period | 0.05 | 0.55 | 1.55 | 2.55 | 3.55 | 4.55
Discounting Factor | 0.9938734045339636 | 0.9346344014393312 | 0.8265386148603414 | 0.7309447210622467 | 0.6464068050093967 | 0.5716461799672443
PV of FCFF | 66696.65765678431 | 58671.683902538425 | 55373.19797148643 | 52052.88292851739 | 48759.909430547654 | 45532.36639339831
Football Field Analysis
OpenLow | Low | OpenHigh | High
Comps | 1282.1397964684602 | 1282.1397964684602 | 2161.9155450578137 | 2161.9155450578137
DCF Bear | 144.3396099810497 | 144.3396099810497 | 208 | 208
DCF Base | 217.10033542836473 | 217.10033542836473 | 366 | 366
DCF Bull | 364.97836338743247 | 364.97836338743247 | 1011 | 1011
52W H/L | 1075.2 | 1075.2 | 1779 | 1779