GODREJ CONSUMER PRODUCTS LTD
  (GODREJCP | BSE Code: 532424)
Historical Financial Statement - GODREJ CONSUMER PRODUCTS LTD
Years | 2015-03-31 00:00:00 | 2016-03-31 00:00:00 | 2017-03-31 00:00:00 | 2018-03-31 00:00:00 | 2019-03-31 00:00:00 | 2020-03-31 00:00:00 | 2021-03-31 00:00:00 | 2022-03-31 00:00:00 | 2023-03-31 00:00:00 | 2024-03-31 00:00:00
# | Income Statement
Sales | 8273.15 | 8423.88 | 9267.91 | 9847.43 | 10314.34 | 9910.8 | 11028.62 | 12276.5 | 13315.97 | 14096.11
Sales Growth | - | 0.018219178910088507 | 0.10019492205492009 | 0.06252973971477926 | 0.04741440152405252 | -0.0391241708146135 | 0.11278806958065957 | 0.11314924260696246 | 0.08467152690098967 | 0.05858679465333738
COGS | 4952.36 | 5157.59 | 5512.850000000001 | 5751.629999999999 | 6071.83 | 5777.48 | 6556.24 | 7743.02 | 8407.810000000001 | 8140.920000000001
COGS % Sales | 0.5986063349510162 | 0.6122582467936392 | 0.5948320603027005 | 0.5840742203803428 | 0.5886784806395756 | 0.5829478952254107 | 0.5944751020526593 | 0.6307188530933084 | 0.6314080010693928 | 0.5775295453852163
Gross Profit | 3320.79 | 3266.289999999999 | 3755.0599999999986 | 4095.800000000001 | 4242.51 | 4133.32 | 4472.380000000001 | 4533.48 | 4908.159999999998 | 5955.19
Gross Margins | 0.40139366504898377 | 0.3877417532063609 | 0.4051679396972995 | 0.4159257796196572 | 0.41132151936042444 | 0.4170521047745893 | 0.4055248979473407 | 0.3692811469066916 | 0.36859199893060723 | 0.4224704546147838
Selling & General Expenses | 1941.84 | 1608.91 | 1848.3500000000001 | 2011.4 | 2110.94 | 1979.5700000000002 | 2073.12 | 2124.3 | 2464.96 | 2997.87
S&G Exp % Sales | 0.23471591836241334 | 0.19099393628589204 | 0.1994354714277545 | 0.20425633896356715 | 0.2046606956916293 | 0.19973866892682732 | 0.1879763741973157 | 0.17303791797336376 | 0.18511306348692586 | 0.2126735673884497
EBITDA | 1378.95 | 1657.379999999999 | 1906.7099999999984 | 2084.400000000001 | 2131.57 | 2153.7499999999995 | 2399.260000000001 | 2409.1799999999994 | 2443.199999999998 | 2957.3199999999997
EBITDA Margins | 0.16667774668657043 | 0.19674781692046886 | 0.20573246826954497 | 0.21166944065609006 | 0.2066608236687951 | 0.217313435847762 | 0.217548523750025 | 0.19624322893332785 | 0.1834789354436814 | 0.20979688722633405
Interest | 112.46 | 128.04 | 154.19 | 173.12 | 238.21 | 228.13 | 137.65 | 122.26 | 188.48 | 309.57
Interest % Sales | 0.013593371327728858 | 0.015199646718614226 | 0.016636976405683696 | 0.017580221438486997 | 0.023095030801776942 | 0.023018323445130565 | 0.012481162647729272 | 0.009958864497210118 | 0.014154432609866199 | 0.02196137799719213
Depreciation | 90.78 | 100.63 | 141.57 | 155.68 | 169.98 | 197.28 | 203.85 | 209.93 | 236.29 | 240.96
Depreciation%Sales | 0.010972845893039531 | 0.011945801697080207 | 0.015275288603363649 | 0.01580920097934182 | 0.016479968664984863 | 0.019905557573556124 | 0.01848372688514066 | 0.01710015069441616 | 0.017744858241645182 | 0.017094077727827037
Earnings Before Tax | 1175.71 | 1428.709999999999 | 1610.9499999999985 | 1755.600000000001 | 1723.38 | 1728.3399999999997 | 2057.760000000001 | 2076.9899999999993 | 2018.429999999998 | 2406.79
EBT % Sales | 0.14211152946580202 | 0.16960236850477442 | 0.17382020326049763 | 0.17828001823826126 | 0.1670858242020333 | 0.17438955482907534 | 0.1865836342171551 | 0.16918421374170156 | 0.15157964459217002 | 0.1707414315013149
Tax | 272.29 | 336.05 | 379.16 | 404.7 | -256.2 | 263.82 | 359.54 | 371.87 | 430.27 | 758.78
Effective Tax Rate | 0.23159622696073012 | 0.23521218441811162 | 0.23536422607778043 | 0.23051948051948037 | -0.14866135153013263 | 0.15264357707395537 | 0.17472397169737958 | 0.1790427493632613 | 0.2131706326204032 | 0.31526639216549845
Net Profit | 903.4200000000001 | 1092.659999999999 | 1231.7899999999984 | 1350.900000000001 | 1979.5800000000002 | 1464.5199999999998 | 1698.2200000000012 | 1705.1199999999994 | 1588.159999999998 | 1648.01
Net Margins | 0.10919903543390366 | 0.1297098249262809 | 0.1329091456434081 | 0.13718300104697378 | 0.19192502864943373 | 0.14777010937563062 | 0.15398300059300266 | 0.13889300696452567 | 0.11926731586208125 | 0.11691239639872276
No of Equity Shares | 102.14 | 102.16 | 102.18 | 102.2 | 102.22 | 102.23 | 102.25 | 102.26 | 102.27 | 102.28
Earnings per Share | 8.844918738985706 | 10.695575567736874 | 12.055098845175165 | 13.218199608610577 | 19.365877519076502 | 14.325736085297855 | 16.608508557457224 | 16.674359475845876 | 15.52908966461326 | 16.112729761439187
EPS Growth % | 0.20923389839570117 | 0.1271108103372467 | 0.09648205944830734 | 0.46509192571590563 | -0.2602588717611075 | 0.15934765645320814 | 0.0039648905355251784 | -0.06868448607526001 | 0.037583664556712026
Dividend per Share | 1.8329743489328372 | 1.9165035238841033 | 4.999999999999999 | 6.666340508806262 | 10 | 8 | 0 | 0 | 0 | 0
Dividend payout ratio | 0.20723473024728253 | 0.1791865722182565 | 0.41476225655347143 | 0.5043304463690869 | 0.5163721597510583 | 0.5584355283642423 | 0 | 0 | 0 | 0
Retained Earnings | 0.7927652697527174 | 0.8208134277817435 | 0.5852377434465286 | 0.49566955363091314 | 0.4836278402489417 | 0.44156447163575774 | 1 | 1 | 1 | 1
# | Balance Sheet
Equity Share Capital | 34.04 | 34.05 | 34.06 | 68.13 | 102.22 | 102.23 | 102.25 | 102.26 | 102.27 | 102.28
Reserves | 4276.65 | 4232.91 | 5267.89 | 6190.18 | 7164.7 | 7796.13 | 9336.65 | 11453.67 | 13691.96 | 12496.29
Borrowings | 2717.15 | 2891.12 | 4000.93 | 3507.57 | 3382.05 | 3574.97 | 1863.97 | 1704.34 | 1129.58 | 3222.2
Other Liabilities | 2097.18 | 2520.66 | 3637.37 | 4097.89 | 3444.58 | 3406.95 | 2940.92 | 2821.85 | 2513.45 | 2571.31
Total Liabilities | 9125.02 | 9678.74 | 12940.25 | 13863.77 | 14093.55 | 14880.28 | 14243.79 | 16082.12 | 17437.26 | 18392.08
Fixed Assets Net Block | 5550.95 | 5931.41 | 8082.89 | 8315 | 8670.26 | 9231.4 | 8904.77 | 9219.3 | 9933.66 | 10440.24
Capital Work in Progress | 224.61 | 43.66 | 97.43 | 83.88 | 52.06 | 57.04 | 57.43 | 116.44 | 45.42 | 83.36
Investments | 185.69 | 189.5 | 933.54 | 997.28 | 515.98 | 671.98 | 679.1 | 1015.43 | 3028.98 | 3503.67
Other Assets | 393.25999999999976 | 335.3900000000003 | 472.49000000000024 | 684.1799999999994 | 1109.04 | 1289.33 | 1209.5299999999997 | 1377.0099999999993 | 1256.0499999999993 | 1011.5800000000004
Total Non Current Assets | 6354.509999999998 | 6499.96 | 9586.35 | 10080.34 | 10347.34 | 11249.75 | 10850.830000000002 | 11728.18 | 14264.109999999999 | 15038.85
Receivables | 804.58 | 1118.01 | 1028.74 | 1245.5 | 1292.9 | 1157.25 | 1004.5 | 1116.32 | 1245.28 | 1535.37
Inventory | 1071.71 | 1306.98 | 1412.5 | 1577.72 | 1558.59 | 1703.12 | 1716.25 | 2129.85 | 1537.15 | 1270.92
Cash & Bank | 894.22 | 753.79 | 912.66 | 960.21 | 894.72 | 770.16 | 672.21 | 1107.77 | 390.72 | 546.94
Total Current Assets | 2770.51 | 3178.7799999999997 | 3353.8999999999996 | 3783.4300000000003 | 3746.21 | 3630.5299999999997 | 3392.96 | 4353.9400000000005 | 3173.1500000000005 | 3353.23
Total Assets | 9125.019999999999 | 9678.74 | 12940.25 | 13863.77 | 14093.55 | 14880.279999999999 | 14243.79 | 16082.12 | 17437.26 | 18392.08
Check | True | True | True | True | True | True | 1 | 1 | 1 | 1
# | Cash Flow Statements
Operating Activities
Profit from operations | 1397 | 1669 | 1947 | 2147 | 2181 | 2185 | 2472 | 2434 | 2476 | 2900
Receivables | -81 | -323 | 166 | -245 | -174 | 130 | 81 | -89 | -165 | -479
Inventory | 26 | -235 | 46 | -165 | -20 | -169 | -70 | -384 | 555 | -71
Payables | 0 | 17 | 196 | 613 | 274 | -95 | -473 | 83 | -370 | 91
Loans Advances | 8 | True | -3 | True | -1 | -3 | 1 | 0 | 0 | 0
Other WC items | -39 | 75 | -65 | -219 | -79 | -116 | 416 | -146 | 74 | 3
Working capital changes | -87 | -465 | 341 | -16 | True | -253 | -45 | -536 | 93 | -456
Direct taxes | -257 | -336 | -407 | -393 | -435 | -344 | -397 | -448 | -418 | -374
Cash from Operating Activities | 967 | 403 | 2221 | 1723 | 1747 | 1335 | 1985 | 914 | 2245 | 1614
Investing Activities
Fixed assets purchased | -213 | -208 | -180 | -311 | -208 | -152 | -164 | 0 | 0 | 0
Fixed assets sold | 0 | 0 | 0 | 0 | 0 | 0 | 0 | 3 | 8 | 31
Investments purchased | -40 | 0 | -574 | -309 | 0 | 0 | -139 | -452 | -227 | -307
Investments sold | 0 | 92 | 0 | 349 | 195 | 270 | 35 | 0 | 0 | 0
Interest received | 31 | 43 | 41 | 66 | 92 | 57 | 59 | 59 | 111 | 231
Invest in subsidiaries | -630 | -647 | 0 | 0 | 0 | 0 | 0 | 0 | 0 | 0
Investment in group cos | 0 | 0 | 0 | 0 | 0 | 0 | 0 | 0 | 0 | 0
Redemp n Canc of Shares | 0 | 0 | 0 | 0 | 0 | 0 | 0 | 0 | 0 | 372
Acquisition of companies | 0 | 0 | -1431 | 0 | 0 | 0 | 0 | -387 | -988 | 0
Other investing items | -385 | 99 | -99 | -131 | 195 | -727 | -84 | -67 | -658 | -3762
Cash from Investing Activities | -1237 | -621 | -2243 | -336 | 274 | -552 | -293 | -844 | -1754 | -3435
Financing Activities
Proceeds from shares | 0 | 0 | 0 | 0 | 0 | 0 | 0 | 0 | 0 | 0
Redemption of debentures | 0 | 0 | 0 | 0 | 0 | 0 | 0 | 0 | 0 | 0
Proceeds from borrowings | -50 | -278 | 0 | 0 | 0 | 0 | 0 | 0 | 0 | 0
Repayment of borrowings | 368 | 0 | 0 | 0 | 0 | 247 | 737 | 535 | 0 | 2681
Proceeds from deposits | 0 | 0 | 0 | 0 | -345 | -375 | -2357 | -755 | -634 | -416
Interest paid fin | -119 | -119 | -124 | -158 | -215 | -156 | -166 | -119 | -119 | -267
Dividends paid | -179 | -187 | -196 | -613 | -1227 | -818 | 0 | 0 | 0 | -511
Financial liabilities | 0 | 0 | 0 | 0 | 0 | -25 | -31 | -41 | -41 | -80
Other financing items | -32 | 381 | 984 | -613 | -253 | -168 | 0 | 0 | 0 | 0
Cash from Financing Activities | -12 | -203 | 664 | -1384 | -2040 | -1295 | -1817 | -380 | -794 | 1407
Net Cash Flow | -282 | -421 | 642 | 3 | -19 | -512 | -125 | -310 | -303 | -414